TF	SWI/SNF	Mediator	POLII	TFIIF	TFIID	BRD4	TFIIH	TFIIB	TFIIE
AHRR	1	0	0	0	0	1	1	0	0
AKAP8	1	0	1	0	0	0	1	0	0
ANKZF1	1	1	0	0	0	0	0	0	0
AR	1	1	1	1	1	1	1	0	0
ARID2	1	0	0	0	1	0	0	0	0
ARNT	1	0	0	1	1	0	0	0	0
ATF2	1	0	0	1	0	1	1	0	0
ATF3	1	0	0	0	0	0	0	0	0
BACH2	1	0	1	0	0	0	0	0	0
CDC5L	1	1	1	1	1	1	0	0	0
CENPA	1	0	1	0	1	0	0	0	0
CHCHD3	1	0	0	0	0	0	0	0	0
DMRT2	1	0	0	0	0	0	0	0	0
DNMT1	1	0	0	1	0	1	0	0	0
ERG	1	0	1	0	0	1	0	0	0
ESR1	1	1	1	1	1	0	1	1	1
ESR2	1	1	0	0	0	0	0	0	0
GATA4	1	1	1	0	1	0	0	0	0
GLI3	1	1	0	0	1	0	0	0	0
GTF2B	1	1	1	1	1	1	1	0	1
HIVEP2	1	0	0	0	0	0	0	0	0
HNF1A	1	1	0	0	0	0	0	0	1
HOXB5	1	0	1	0	0	0	0	0	0
JUN	1	1	1	1	1	1	1	0	1
KMT2B	1	1	0	0	1	0	0	0	0
LMX1B	1	0	0	0	0	0	0	0	0
MYC	1	1	1	1	1	1	1	0	0
NFKB1	1	0	1	0	1	1	0	0	0
NFYC	1	1	0	0	1	0	0	0	0
NME2	1	0	1	0	1	0	0	0	0
NR4A1	1	1	0	0	1	0	0	0	0
NR5A1	1	1	0	0	0	0	0	0	0
PA2G4	1	1	0	0	1	1	0	0	0
PBX1	1	1	1	0	0	0	0	0	0
PBX2	1	1	0	0	0	0	0	0	0
PKNOX1	1	0	1	0	0	0	0	0	0
RARA	1	1	1	0	1	0	1	0	0
SKI	1	0	0	0	0	0	0	0	0
SMAD3	1	1	1	0	1	1	0	0	0
SMAD9	1	0	0	0	0	0	1	0	0
SOX6	1	0	0	0	1	0	0	0	0
SRCAP	1	0	1	1	1	0	1	0	0
SRF	1	1	0	1	0	0	0	0	0
STAT1	1	0	1	0	0	1	1	0	0
TBP	1	1	1	1	1	1	1	0	1
TBPL1	1	1	1	1	1	0	1	0	1
TBPL2	1	1	1	1	1	0	1	0	1
TP53	1	1	1	0	1	1	1	0	0
YBX1	1	0	1	1	1	0	1	0	0
YBX3	1	0	0	0	1	1	1	0	0
YY1	1	1	1	0	1	1	0	0	0
YY2	1	0	0	0	0	0	0	0	0
ZBTB1	1	0	0	0	0	0	0	0	0
ZNF354A	1	1	1	0	0	0	1	0	0
ZNF598	1	0	0	0	0	0	0	0	0
ZNF703	1	1	1	0	0	0	0	0	1
AKAP8L	1	0	1	0	1	0	1	0	0
DPF3	1	0	0	0	1	0	0	0	0
FOXN1	1	0	0	0	1	0	0	0	0
FOXO6	1	0	0	0	0	0	0	0	0
FOXR1	1	0	0	0	0	0	0	0	0
GTF2I	1	0	1	0	1	1	1	0	0
MAX	1	1	1	0	1	1	1	0	0
NFKB2	1	0	1	0	0	0	0	0	0
POU5F1	1	0	0	0	1	1	1	0	1
POU5F1B	1	0	0	0	1	1	0	0	1
RELA	1	1	1	0	1	1	0	0	0
RELB	1	0	0	0	1	0	0	0	0
SALL1	1	0	1	0	0	0	0	0	0
SALL3	1	0	1	0	0	0	0	0	0
SALL4	1	0	1	0	0	0	0	0	0
SOX2	1	1	1	0	1	0	0	0	0
TCF3	1	1	0	0	1	0	0	0	0
TCF4	1	0	1	0	1	0	0	0	0
TFCP2	1	1	1	0	1	1	0	0	0
TFCP2L1	1	1	1	0	1	1	0	0	0
UBP1	1	1	1	0	1	1	0	0	0
VDR	1	1	0	0	1	0	1	0	0
ZNF121	1	0	1	0	0	0	1	0	0
ZNF281	1	1	1	0	0	1	1	0	0
GLI2	1	1	1	0	1	0	0	0	0
ADNP	1	0	0	0	0	1	0	0	0
AHCTF1	0	1	1	0	0	1	0	0	0
AHR	1	1	0	1	1	0	0	0	0
AIRE	0	0	1	0	0	0	0	0	0
ALX4	0	1	0	0	0	0	0	0	0
ARHGAP35	1	1	0	0	0	0	0	0	0
ARNT2	1	1	0	0	0	0	0	0	0
ATF7	1	1	0	0	1	1	0	0	0
BCL11A	1	1	0	0	0	0	0	0	0
BCL6	1	1	0	0	0	0	0	0	0
DOT1L	1	0	0	0	0	1	0	0	0
E2F3	1	1	1	0	1	1	0	0	0
E2F4	1	1	1	0	1	1	1	0	0
E2F5	1	0	0	0	0	1	0	0	0
EBF1	1	1	0	0	1	0	0	0	0
ELF1	1	1	0	0	0	0	0	0	0
ESRRB	1	1	1	0	1	0	0	0	0
FOXP3	1	1	1	0	1	0	1	1	1
GATA1	1	1	0	0	1	1	0	0	0
HIC1	1	0	0	0	0	0	0	0	0
HOXA6	1	0	1	0	1	0	0	0	0
HSF4	1	1	0	0	1	0	0	0	0
KDM2A	1	1	0	0	0	1	0	0	0
KLF1	1	1	0	0	1	0	1	0	0
NANOG	1	1	1	0	1	0	0	0	0
NCOA1	1	1	0	0	1	0	0	0	0
NKRF	1	1	0	0	0	1	0	0	0
OSR1	1	1	0	0	1	0	0	0	0
PGR	1	1	0	0	1	0	0	0	0
POU2F3	1	1	0	0	0	0	0	0	0
RARB	1	1	1	0	1	0	1	0	0
RARG	1	1	1	0	0	0	0	0	0
RUNX1	1	0	1	0	1	0	0	0	0
RUNX2	1	0	0	0	1	0	0	0	0
SMAD1	1	1	1	0	0	0	1	0	0
SPEN	1	1	0	0	0	0	0	0	0
TCF7L2	1	0	0	0	1	0	1	0	0
TFAP4	1	0	0	0	0	1	0	0	0
TFDP1	1	0	0	0	0	0	1	0	0
TFDP2	1	0	0	0	0	0	1	0	0
ZNF326	1	1	1	0	1	1	0	0	0
ZNF443	1	1	0	0	0	0	0	0	0
E2F1	1	1	1	0	1	1	1	0	0
EPAS1	1	1	1	0	0	0	0	0	0
KDM5B	1	0	0	0	1	1	0	0	0
MEIS1	1	0	1	0	0	0	0	0	0
RLF	1	0	0	0	0	0	0	0	0
STAT3	1	0	0	0	1	1	0	0	0
ARID3A	1	0	0	0	1	0	0	0	0
ARID5B	1	0	0	0	1	0	0	0	0
ATF4	0	0	1	1	1	0	0	1	0
ATF5	0	0	0	0	1	0	0	0	0
ATF6	0	0	0	0	1	0	0	0	0
ATF6B	0	0	0	0	1	0	0	0	0
ATMIN	0	0	0	0	1	0	0	0	0
BARHL1	0	1	0	0	0	0	0	0	0
BARHL2	0	1	0	0	0	0	0	0	0
BCL11B	1	0	0	0	1	0	1	0	0
TERF1	1	0	0	0	1	0	0	0	0
ZNF280C	1	0	0	0	0	0	0	0	0
BHLHE40	1	0	0	0	1	0	0	1	0
BNC1	0	0	0	0	1	0	0	0	0
BPTF	1	0	0	0	1	1	0	0	0
CEBPA	1	1	1	0	1	1	0	1	0
HNF4A	1	1	1	0	1	1	1	0	1
HOXC6	1	0	0	0	0	1	0	0	0
JUNB	1	1	0	1	1	1	0	0	0
TWIST1	0	0	0	0	0	1	0	0	0
ZNF592	0	1	0	0	1	1	0	0	0
HMGA2	1	0	1	0	1	0	0	0	0
IRF2	1	1	0	0	0	0	0	0	0
MYNN	1	1	0	0	0	0	0	0	0
CXXC4	1	0	0	0	0	0	0	0	0
NFE2L1	1	0	0	0	0	0	0	0	0
BRF2	0	0	1	1	1	0	1	1	1
CBX2	0	0	0	0	1	0	0	0	0
CRX	0	1	0	0	0	0	0	0	0
FOXP2	0	1	0	0	0	0	0	0	0
GLYR1	1	1	1	0	1	0	0	1	0
KLF9	1	1	0	0	1	0	1	0	0
MEOX2	1	1	0	0	0	0	0	0	0
NCOA2	1	1	0	0	1	0	0	0	0
NCOA3	1	1	1	0	1	1	1	0	0
PPARG	1	1	0	0	1	0	0	0	0
RBPJ	1	1	1	0	1	0	0	0	0
RXRA	1	1	1	0	1	1	0	0	0
SMAD4	1	1	0	0	1	0	0	0	0
TP63	1	1	0	0	0	0	0	0	0
ZBTB9	0	1	1	0	0	0	0	0	1
ZNF18	0	1	0	0	0	0	0	0	0
NFX1	0	0	1	1	0	0	1	0	1
NR1H3	0	1	0	0	0	0	1	0	0
PURA	1	0	0	0	1	0	1	0	0
TTF1	0	0	1	0	0	0	1	0	0
XPA	0	0	1	0	1	1	1	0	1
ZNF830	0	0	1	0	0	0	1	0	0
CUX1	0	0	1	0	0	0	1	0	0
PCGF6	0	0	0	0	0	0	1	0	0
POU2F1	1	0	1	1	1	0	1	0	1
POU2F2	0	0	1	1	1	0	1	0	1
PRDM1	0	0	0	0	0	0	1	0	0
SNAPC2	0	0	1	1	1	0	1	0	1
SNAPC4	0	0	1	1	1	0	1	0	1
SNAPC5	0	0	1	1	1	0	1	0	1
SP1	1	1	1	1	1	0	1	0	1
THRA	0	1	0	0	1	0	1	0	0
ZC3H8	0	0	1	1	1	0	1	0	1
ZNF143	0	0	1	1	1	0	1	0	1
CEBPB	1	1	1	0	1	1	0	1	0
EGR1	1	1	0	0	1	0	0	1	0
HIF1A	1	1	0	0	0	0	0	0	0
SMAD5	0	1	0	0	0	0	1	0	0
SREBF1	1	1	1	0	1	0	0	0	0
SREBF2	0	1	0	0	1	0	0	0	0
TBX3	0	1	0	0	0	0	0	0	0
ZNF131	0	1	1	0	1	0	0	0	0
CDX1	1	0	0	0	1	0	0	0	1
CDX2	1	0	0	0	0	0	0	0	1
CDX4	1	0	0	0	0	0	0	0	1
CEBPD	0	1	0	1	1	0	0	0	0
CEBPE	1	1	0	0	0	0	0	0	0
CEBPG	1	0	0	1	0	0	0	0	0
CEBPZ	0	0	1	0	1	0	0	0	0
CENPT	0	0	0	0	1	0	0	0	0
CHAMP1	0	1	0	0	0	1	0	0	0
CREB1	1	1	1	1	1	1	0	1	0
CREB3	0	0	0	0	1	0	0	0	0
CREBL2	0	0	0	0	1	0	0	0	0
CREBZF	0	0	0	0	1	0	0	0	0
CREM	0	0	0	0	1	0	0	0	0
CTCF	1	1	1	0	1	1	0	0	0
CTCFL	0	0	0	0	1	0	0	0	0
CXXC1	1	1	0	0	1	0	0	0	0
DBP	0	0	0	0	0	0	1	0	0
DEAF1	0	0	0	0	1	0	0	0	0
DLX2	0	1	0	0	0	0	0	0	0
DLX3	0	1	0	0	0	0	0	0	0
DLX5	0	1	0	0	0	0	0	0	0
DMTF1	0	0	0	0	1	0	0	0	0
DNTTIP1	0	0	1	0	0	0	0	0	0
DPF1	1	0	0	0	0	0	0	0	0
ESRRA	1	1	0	0	0	0	0	1	0
ESRRG	1	1	0	0	0	0	0	0	0
HMBOX1	1	1	0	0	0	0	0	0	0
LHX1	1	0	0	0	0	0	0	0	0
LHX5	1	0	0	0	0	0	0	0	0
NFE2	1	1	1	0	1	0	1	0	1
NHLH1	1	1	0	0	0	0	0	0	0
REL	1	1	1	0	1	0	0	0	0
ZFP42	1	0	1	0	1	0	0	0	0
ZNF212	1	0	0	0	0	0	0	0	0
DR1	1	0	0	0	1	0	0	0	0
DRAP1	0	1	0	0	1	0	0	1	0
DRGX	0	0	0	0	0	0	0	0	1
DUX4	1	0	1	0	0	0	0	0	0
E2F6	1	0	0	0	1	1	0	0	0
E4F1	1	0	0	0	1	0	0	0	0
EBF2	1	0	0	0	1	0	0	0	0
EBF3	0	0	0	0	1	0	0	0	0
EEA1	0	0	0	0	1	0	0	0	0
EGR2	1	1	1	0	0	0	0	0	0
ELF3	0	1	0	0	1	0	0	0	0
ELF5	0	0	1	0	0	0	0	0	0
EMX1	0	0	1	0	0	0	0	0	0
EMX2	0	1	0	0	0	0	0	0	0
HSF2	0	0	0	0	1	0	1	0	0
IRF1	1	1	1	1	1	1	1	0	0
ZSCAN1	0	1	1	0	1	0	1	0	1
ETS1	1	1	0	0	1	1	0	0	0
ETS2	1	0	0	0	0	0	0	0	0
ETV4	0	0	0	0	1	0	0	0	0
ETV6	0	1	0	0	0	1	0	0	0
ETV7	0	0	0	0	1	0	0	0	0
EVX1	0	0	0	0	1	0	0	0	0
FBXL19	0	1	0	0	1	0	0	0	0
FIZ1	0	0	0	0	1	0	0	0	0
FOS	1	1	1	1	1	0	1	0	1
FOSB	0	0	0	0	1	0	0	0	0
FOSL2	0	1	0	0	1	0	0	0	0
FOXA1	1	0	1	0	1	0	0	0	0
FOXA2	1	0	0	0	1	0	0	0	0
FOXA3	1	0	0	0	0	0	0	0	0
FOXD2	0	0	0	0	1	0	0	0	0
FOXE1	1	0	0	0	0	0	0	0	0
FOXF2	0	0	0	0	1	0	0	1	0
FOXJ2	0	0	0	0	1	0	0	0	0
FOXJ3	0	1	0	0	0	0	0	0	0
FOXK2	1	0	0	0	1	1	0	1	1
FOXL1	0	0	0	0	1	0	0	0	0
FOXO1	1	0	0	0	0	1	0	0	0
FOXP1	0	0	0	0	1	0	1	0	0
FOXP4	0	0	1	0	1	0	0	0	0
FOXS1	0	0	0	0	1	0	0	0	0
GABPA	0	1	0	0	1	0	0	0	0
GATA2	0	1	0	0	1	0	0	0	0
GATA3	1	1	0	0	1	0	0	0	0
GATA5	0	1	0	0	0	0	0	0	0
GATA6	0	1	0	0	1	0	0	0	0
GFI1B	0	0	0	0	1	0	0	0	0
GLI1	1	0	0	0	1	0	0	0	0
GPBP1	0	0	1	1	1	0	0	1	0
GPBP1L1	0	0	0	0	1	0	0	0	0
GRHL1	0	0	0	0	1	0	0	0	0
MIXL1	0	1	0	0	0	0	0	0	1
OLIG1	0	1	0	0	0	0	0	0	1
ONECUT1	1	0	1	0	0	0	0	0	1
ZBTB43	0	0	0	0	0	0	0	0	1
HOXB7	0	0	0	0	1	0	0	0	1
KLF5	0	1	0	1	1	1	0	0	1
MTF2	0	0	0	0	1	0	0	0	1
PITX1	1	0	0	0	1	0	0	0	1
PITX2	0	0	0	0	1	0	0	0	1
TLX3	1	1	1	0	0	0	1	0	1
MSX2	0	0	0	1	1	0	0	0	0
HMGA1	1	0	1	1	1	1	0	0	0
PIN1	0	1	1	1	1	1	0	0	1
HOXC11	0	0	0	0	0	0	1	0	0
JDP2	0	0	1	0	1	0	1	0	0
POU2AF1	0	0	0	0	0	0	1	0	0
RXRB	0	1	0	0	1	0	1	0	0
LHX6	0	0	0	0	0	0	1	0	0
GTF3A	0	0	1	0	1	0	0	0	0
HES1	0	0	1	0	0	0	0	0	0
HHEX	0	0	0	0	1	0	0	0	0
HLX	1	0	0	0	0	0	0	0	0
HMG20A	0	0	0	0	1	1	0	0	0
HNF4G	0	1	0	0	0	0	0	0	0
HOMEZ	0	1	0	0	0	0	0	0	0
HOXA1	0	0	1	0	1	0	0	0	0
HOXA10	0	0	1	0	1	1	0	0	0
HOXA11	0	0	1	0	1	0	0	0	0
HOXA13	0	0	1	0	1	0	0	0	0
HOXA3	0	1	0	0	0	0	0	0	0
HOXA4	0	0	1	0	0	0	0	0	0
HOXA5	0	1	1	0	1	0	0	0	0
HOXA7	0	0	1	0	1	0	0	0	0
HOXA9	0	0	1	0	1	1	0	0	1
HOXB1	0	0	1	0	0	0	1	0	0
HOXB2	1	1	0	0	0	0	0	0	0
HOXB4	0	0	1	0	0	0	0	0	0
HOXB6	0	0	1	0	0	0	0	0	0
HOXB8	0	0	1	0	0	0	0	0	0
HOXC4	0	0	1	0	0	0	0	0	0
HOXC5	0	0	1	0	0	0	0	0	0
HOXC8	0	0	1	0	0	0	0	0	0
HOXC9	0	0	1	0	0	0	0	0	0
HOXD11	0	0	1	0	0	0	0	0	0
HOXD12	0	0	1	0	1	0	0	0	0
HOXD4	0	0	1	0	0	0	0	0	0
HOXD8	0	0	1	0	0	0	0	0	0
HOXD9	0	0	1	0	0	0	0	0	0
HSF1	1	1	0	0	1	0	0	0	0
IKZF1	1	1	0	0	1	1	0	0	0
IKZF5	0	0	0	0	1	0	0	0	0
IRF3	0	0	1	0	1	0	0	0	0
IRF8	0	0	0	0	1	0	0	0	0
ISL1	1	0	0	0	0	0	0	0	0
JUND	1	1	1	0	1	0	0	0	0
KCMF1	0	1	0	0	0	0	0	0	0
KIN	1	0	0	0	1	0	0	0	0
KLF4	1	0	0	0	0	0	0	0	0
KLF6	0	0	0	0	1	0	0	0	0
KMT2A	1	0	1	0	1	1	0	0	0
L3MBTL3	0	0	1	0	0	0	0	0	0
LCORL	0	1	0	0	0	0	0	0	0
LEF1	1	0	0	0	0	0	0	0	0
LIN28A	0	1	0	0	1	0	0	0	0
LIN28B	0	0	0	0	1	0	0	0	0
LMX1A	1	0	0	0	0	0	0	0	0
MAFB	0	0	1	0	1	0	0	0	0
MAFG	0	1	0	0	0	0	0	0	0
MBD1	0	0	0	0	1	0	0	0	0
MBD2	0	0	1	0	1	1	0	0	0
MBD3	1	0	0	0	1	1	0	0	0
MBD4	0	0	0	0	1	1	0	0	0
MBNL2	0	0	0	0	1	0	0	0	0
MECOM	0	1	0	0	0	0	0	0	0
MECP2	1	0	1	0	1	1	0	0	0
NR0B1	0	1	0	0	0	0	0	0	0
NR1D1	0	1	0	0	1	0	0	0	0
NR1D2	0	1	0	0	1	0	0	0	0
NR1H2	1	1	0	0	0	0	0	0	0
NR1H4	1	1	0	0	0	0	0	0	0
NR1I2	0	1	0	0	0	0	0	0	0
NR1I3	0	1	0	0	0	0	0	0	0
NR2C1	1	1	0	0	0	0	0	0	0
NR2C2	1	1	1	0	1	0	1	0	0
NR2E1	1	1	0	0	0	0	0	0	0
NR2E3	0	1	0	0	0	0	0	0	0
NR2F1	0	1	0	0	0	0	0	0	0
NR2F6	0	1	0	0	0	0	0	0	0
NR3C1	1	1	1	0	1	0	0	0	0
NR3C2	0	1	0	0	0	0	0	0	0
NR4A2	1	1	0	0	0	0	0	0	0
NR4A3	1	1	0	0	0	0	0	0	0
NR5A2	0	1	0	0	0	0	0	0	0
NR6A1	0	1	0	0	0	0	0	0	0
POU1F1	0	1	0	0	0	0	0	0	0
PPARA	1	1	1	0	0	0	0	0	0
PPARD	1	1	0	0	0	0	0	0	0
RORA	1	1	0	0	0	0	0	0	0
RORB	0	1	0	0	0	0	0	0	0
RORC	0	1	0	0	0	0	0	0	0
RXRG	0	1	0	0	1	0	0	0	0
THRB	1	1	0	0	0	0	0	0	0
NPAS3	0	1	0	0	0	0	0	0	0
PATZ1	0	1	0	0	0	0	0	0	0
PRDM15	0	1	0	0	0	0	0	0	0
SOX9	0	1	0	0	1	1	1	0	0
ZNF655	0	1	1	0	0	0	0	0	0
STAT2	1	1	0	0	1	0	0	0	0
MYB	1	1	0	0	1	0	0	0	0
PAX6	1	1	1	0	1	0	0	0	0
PLSCR1	1	1	0	0	0	0	0	0	0
TP73	1	1	1	0	1	0	0	0	0
ZBTB22	0	1	0	0	0	0	0	0	0
ZFP64	0	1	0	0	0	0	0	0	0
MSX1	0	1	0	0	1	0	1	0	0
RBAK	1	1	1	0	0	0	0	0	0
ZFP1	1	1	1	0	0	0	0	0	0
ZFP28	1	1	1	0	0	0	0	0	0
ZFP37	1	1	1	0	1	0	0	0	0
ZFP69	1	1	1	0	0	0	0	0	0
ZFP90	1	1	1	0	0	0	0	0	0
ZIM3	1	1	1	0	0	0	0	0	0
ZNF107	1	1	1	0	0	0	0	0	0
ZNF132	1	1	1	0	0	0	0	0	0
ZNF133	1	1	1	0	0	0	0	0	0
ZNF14	1	1	1	0	0	0	0	0	0
ZNF140	1	1	1	0	0	0	0	0	0
ZNF154	1	1	1	0	0	0	0	0	0
ZNF155	1	1	1	0	1	0	0	0	0
ZNF157	1	1	1	0	0	0	0	0	0
ZNF160	1	1	1	0	1	0	0	0	0
ZNF17	1	1	1	0	0	0	0	0	0
ZNF175	1	1	1	0	1	0	0	0	0
ZNF177	1	1	1	0	0	0	0	0	0
ZNF182	1	1	1	0	0	0	0	0	0
ZNF184	1	1	1	0	0	0	0	0	0
ZNF195	1	1	1	0	1	0	0	0	0
ZNF2	1	1	1	0	0	0	0	0	0
ZNF205	1	1	1	0	0	0	0	0	0
ZNF208	1	1	1	0	0	0	0	0	0
ZNF214	1	1	1	0	1	0	0	0	0
ZNF221	1	1	1	0	1	0	0	0	0
ZNF225	1	1	1	0	1	0	0	0	0
ZNF226	1	1	1	0	1	0	0	0	0
ZNF227	1	1	1	0	0	0	0	0	0
ZNF23	1	1	1	0	1	0	0	0	0
ZNF230	1	1	1	0	1	0	0	0	0
ZNF233	1	1	1	0	0	0	0	0	0
ZNF234	1	1	1	0	1	0	0	0	0
ZNF235	1	1	1	0	1	0	0	0	0
ZNF25	1	1	1	0	1	0	0	0	0
ZNF250	1	1	1	0	0	0	0	0	0
ZNF251	1	1	1	0	0	0	0	0	0
ZNF256	1	1	1	0	1	0	0	0	0
ZNF257	1	1	1	0	0	0	0	0	0
ZNF264	1	1	1	0	1	0	0	0	0
ZNF267	1	1	1	0	1	0	0	0	0
ZNF268	1	1	1	0	0	0	0	0	0
ZNF273	1	1	1	0	0	0	0	0	0
ZNF275	0	1	1	0	0	0	0	0	0
ZNF283	1	1	1	0	0	0	0	0	0
ZNF284	1	1	1	0	0	0	0	0	0
ZNF30	1	1	1	0	0	0	0	0	0
ZNF311	1	1	1	0	0	0	0	0	0
ZNF317	1	1	1	0	1	0	0	0	0
ZNF324	1	1	1	0	0	0	0	0	0
ZNF324B	1	1	1	0	0	0	0	0	0
ZNF331	1	1	1	0	0	0	0	0	0
ZNF337	1	1	1	0	0	0	0	0	0
ZNF33A	1	1	1	0	1	0	0	0	0
ZNF33B	1	1	1	0	1	0	0	0	0
ZNF34	1	1	1	0	0	0	0	0	0
ZNF347	1	1	1	0	1	0	0	0	0
ZNF350	1	1	1	0	0	0	0	0	0
ZNF354B	1	1	1	0	0	0	0	0	0
ZNF354C	1	1	1	0	0	0	0	0	0
ZNF37A	1	1	1	0	1	0	0	0	0
ZNF382	1	1	1	0	0	0	0	0	0
ZNF383	1	1	1	0	1	0	0	0	0
ZNF404	1	1	1	0	0	0	0	0	0
ZNF416	1	1	1	0	0	0	0	0	0
ZNF420	1	1	1	0	0	0	0	0	0
ZNF425	1	1	1	0	0	0	0	0	0
ZNF426	1	1	1	0	1	0	0	0	0
ZNF429	1	1	1	0	0	0	0	0	0
ZNF431	1	1	1	0	0	0	0	0	0
ZNF432	1	1	1	0	1	0	0	0	0
ZNF433	1	1	1	0	0	0	0	0	0
ZNF436	1	1	1	0	0	0	0	0	0
ZNF439	1	1	1	0	0	0	0	0	0
ZNF44	1	1	1	0	1	0	0	0	0
ZNF440	1	1	1	0	0	0	0	0	0
ZNF442	1	1	1	0	0	0	0	0	0
ZNF45	1	1	1	0	0	0	0	0	0
ZNF454	1	1	1	0	0	0	0	0	0
ZNF460	1	1	1	0	1	0	0	0	0
ZNF461	1	1	1	0	1	0	0	0	0
ZNF468	1	1	1	0	0	0	0	0	0
ZNF470	1	1	1	0	0	0	0	0	0
ZNF471	1	1	1	0	0	0	0	0	0
ZNF473	1	1	1	0	0	0	0	0	0
ZNF480	1	1	1	0	1	0	0	0	0
ZNF484	1	1	1	0	0	0	0	0	0
ZNF490	1	1	1	0	1	0	0	0	0
ZNF492	1	1	1	0	0	0	0	0	0
ZNF506	1	1	1	0	0	0	0	0	0
ZNF510	1	1	1	0	0	0	0	0	0
ZNF514	1	1	1	0	0	0	0	0	0
ZNF517	1	1	1	0	0	0	0	0	0
ZNF527	1	1	1	0	0	0	0	0	0
ZNF528	1	1	1	0	1	0	0	0	0
ZNF529	1	1	1	0	1	0	0	0	0
ZNF530	1	1	1	0	0	0	0	0	0
ZNF534	1	1	1	0	0	0	0	0	0
ZNF543	1	1	1	0	0	0	0	0	0
ZNF548	1	1	1	0	1	0	0	0	0
ZNF549	1	1	1	0	0	0	0	0	0
ZNF554	1	1	1	0	0	0	0	0	0
ZNF555	1	1	1	0	0	0	0	0	0
ZNF557	1	1	1	0	1	0	0	0	0
ZNF558	1	1	1	0	0	0	0	0	0
ZNF560	1	1	1	0	0	0	0	0	0
ZNF562	1	1	1	0	1	0	0	0	0
ZNF563	1	1	1	0	0	0	0	0	0
ZNF564	1	1	1	0	0	0	0	0	0
ZNF565	1	1	1	0	1	0	0	0	0
ZNF567	1	1	1	0	0	0	0	0	0
ZNF568	1	1	1	0	0	0	0	0	0
ZNF569	1	1	1	0	1	0	0	0	0
ZNF57	1	1	1	0	0	0	0	0	0
ZNF571	1	1	1	0	0	0	0	0	0
ZNF583	1	1	1	0	0	0	0	0	0
ZNF584	1	1	1	0	1	0	0	0	0
ZNF585A	1	1	1	0	1	0	0	0	0
ZNF587	1	1	1	0	1	0	0	0	0
ZNF599	1	1	1	0	0	0	0	0	0
ZNF600	1	1	1	0	0	0	0	0	0
ZNF605	1	1	1	0	0	0	0	0	0
ZNF606	1	1	1	0	0	0	0	0	0
ZNF607	1	1	1	0	0	0	0	0	0
ZNF610	1	1	1	0	1	0	0	0	0
ZNF611	1	1	1	0	1	0	0	0	0
ZNF613	1	1	1	0	1	0	0	0	0
ZNF614	1	1	1	0	1	0	0	0	0
ZNF616	1	1	1	0	0	0	0	0	0
ZNF619	1	1	1	0	0	0	0	0	0
ZNF621	1	1	1	0	0	0	0	0	0
ZNF623	1	1	1	0	0	0	0	0	0
ZNF624	1	1	1	0	0	0	0	0	0
ZNF649	1	1	1	0	0	0	0	0	0
ZNF658	1	1	1	0	0	0	0	0	0
ZNF662	1	1	1	0	0	0	0	0	0
ZNF665	1	1	1	0	1	0	0	0	0
ZNF667	1	1	1	0	0	0	0	0	0
ZNF669	1	1	1	0	0	0	0	0	0
ZNF674	1	1	1	0	0	0	0	0	0
ZNF675	1	1	1	0	0	0	0	0	0
ZNF676	1	1	1	0	0	0	0	0	0
ZNF677	1	1	1	0	1	0	0	0	0
ZNF679	1	1	1	0	0	0	0	0	0
ZNF684	1	1	1	0	0	0	0	0	0
ZNF689	1	1	1	0	1	0	0	0	0
ZNF699	1	1	1	0	0	0	0	0	0
ZNF7	1	1	1	0	0	0	0	0	0
ZNF700	1	1	1	0	0	0	0	0	0
ZNF708	1	1	1	0	0	0	0	0	0
ZNF714	1	1	1	0	0	0	0	0	0
ZNF716	1	1	1	0	0	0	0	0	0
ZNF721	1	1	1	0	0	0	0	0	0
ZNF726	1	1	1	0	0	0	0	0	0
ZNF729	1	1	1	0	0	0	0	0	0
ZNF749	1	1	1	0	1	0	0	0	0
ZNF764	1	1	1	0	1	0	0	0	0
ZNF766	1	1	1	0	1	0	0	0	0
ZNF768	1	1	1	0	0	0	0	0	0
ZNF77	1	1	1	0	0	0	0	0	0
ZNF780B	1	1	1	0	0	0	0	0	0
ZNF782	1	1	1	0	0	0	0	0	0
ZNF790	1	1	1	0	0	0	0	0	0
ZNF791	1	1	1	0	1	0	0	0	0
ZNF792	1	1	1	0	0	0	0	0	0
ZNF793	1	1	1	0	1	0	0	0	0
ZNF8	1	1	1	0	0	0	0	0	0
ZNF813	1	1	1	0	0	0	0	0	0
ZNF814	1	1	1	0	0	0	0	0	0
ZNF823	1	1	1	0	0	0	0	0	0
ZNF829	1	1	1	0	0	0	0	0	0
ZNF836	1	1	1	0	0	0	0	0	0
ZNF841	1	1	1	0	1	0	0	0	0
ZNF845	1	1	1	0	0	0	0	0	0
ZNF860	1	1	1	0	0	0	0	0	0
ZNF879	1	1	1	0	0	0	0	0	0
ZNF91	1	1	1	0	0	0	0	0	0
ZNF93	1	1	1	0	0	0	0	0	0
ZNF98	1	1	1	0	0	0	0	0	0
ZNF99	1	1	1	0	0	0	0	0	0
PBX3	1	1	0	0	0	0	0	0	0
ZNF503	1	1	0	0	1	0	0	0	0
ZNF516	0	1	0	0	1	0	0	0	0
ZNF608	0	1	0	0	0	0	0	0	0
ZNF687	0	1	1	0	1	1	0	0	0
SOX5	0	1	0	0	1	0	0	0	0
NFATC2	1	1	0	0	1	0	0	0	0
TGIF1	0	1	0	0	1	0	0	0	0
ZBTB45	0	1	0	0	1	0	0	0	0
RHOXF2	0	1	0	0	0	0	0	0	0
MEF2A	1	0	0	0	1	0	0	0	0
MEF2B	0	0	0	0	1	0	0	0	0
MGA	0	0	0	0	1	1	0	0	0
MKX	0	0	0	0	1	0	0	0	0
NKX3-1	0	0	1	0	0	0	1	0	0
MSANTD1	0	0	0	0	1	0	0	0	0
MSC	0	0	0	0	1	0	0	0	0
MTERF1	0	1	0	0	1	0	0	0	0
MXI1	0	0	0	0	1	0	0	0	0
MYOD1	1	0	1	0	1	1	0	0	0
MYOG	1	0	1	0	1	0	0	0	0
MYSM1	1	0	0	0	0	0	0	0	0
NEUROD1	1	0	0	0	0	0	0	0	0
NEUROG2	1	0	0	0	0	0	0	0	0
NFAT5	0	0	0	0	1	0	0	0	0
NFATC1	1	0	0	0	1	0	0	0	0
NFE2L2	1	0	0	0	1	0	0	0	0
NFIX	0	0	0	0	1	0	0	0	0
NFYA	0	0	0	0	1	1	0	0	0
NFYB	0	0	1	0	1	0	0	0	0
NKX2-1	1	0	0	0	0	0	0	0	0
NKX2-5	1	0	0	0	0	0	0	0	0
NR2F2	0	0	0	0	1	1	0	0	0
OLIG2	1	0	0	0	0	0	0	0	0
OTX1	1	0	0	0	0	0	0	0	0
PAX3	0	0	0	0	1	1	0	0	0
PAX5	1	0	0	0	1	0	0	0	0
RFX2	1	0	0	0	1	0	0	0	0
ZNF366	1	0	0	0	0	0	0	0	0
ZNF512B	1	0	0	0	0	0	0	0	0
ZNF710	1	0	0	0	0	0	0	0	0
PBX4	0	0	1	0	0	0	0	0	0
PHF1	0	0	1	0	0	0	0	0	0
SETDB1	1	0	0	0	1	0	0	0	0
PHF20	1	0	0	0	1	0	0	0	0
PHF21A	0	0	1	0	1	0	1	0	0
RFX5	0	0	1	0	1	0	0	0	0
SAFB	0	0	1	0	1	1	0	0	0
SMYD3	0	0	1	0	0	1	0	0	0
TFEB	0	0	1	0	1	0	0	0	0
XBP1	1	0	1	0	1	0	1	0	0
ZNF74	0	0	1	0	0	0	0	0	0
ZNF800	0	0	1	0	1	1	0	0	0
TET3	0	0	1	0	0	0	0	0	0
SATB1	0	0	1	0	0	0	0	0	0
THAP1	0	0	1	0	0	0	0	0	0
ZBTB14	0	0	1	0	0	0	0	0	0
POU3F2	0	0	0	0	1	0	0	0	0
POU4F2	0	0	0	0	1	0	0	0	0
PRMT3	0	0	0	0	1	0	0	0	0
PRRX2	1	0	0	0	1	0	0	0	0
RBSN	0	0	0	0	1	0	0	0	0
REST	1	1	1	0	1	0	0	0	0
SAFB2	0	0	0	0	1	1	0	0	0
SIX1	1	0	0	0	0	0	0	0	0
TMF1	1	0	0	0	1	0	0	0	0
SOX17	1	0	0	0	0	0	0	0	0
STAT5A	1	0	0	0	0	0	0	0	0
TBX21	1	0	0	0	0	0	0	0	0
TBX5	1	0	1	0	0	0	0	0	0
TET2	1	1	0	0	0	0	1	0	0
ZEB1	1	0	0	0	1	1	0	0	0
TEAD4	1	0	0	0	0	1	0	0	0
ZNF627	1	0	0	0	0	0	0	0	0
TOPORS	1	0	0	0	0	0	0	0	0
SNAI2	1	0	0	0	0	0	0	0	0
TBX1	1	0	0	0	0	0	0	0	0
TFE3	1	1	0	0	0	0	0	0	0
SOX11	1	0	0	0	1	0	0	0	0
SOX4	1	0	0	0	1	0	0	0	0
SP2	0	0	0	0	1	0	0	0	0
SP3	0	0	0	0	1	0	0	0	0
SP4	0	0	0	0	1	0	0	0	0
SP8	0	0	0	0	1	0	0	0	0
SPI1	0	0	0	0	1	1	0	0	0
SPIB	0	0	0	0	1	0	0	0	0
TBX2	0	0	0	0	1	0	0	0	0
TCF12	0	0	0	0	1	0	0	0	0
TEAD1	0	0	0	0	1	1	0	0	0
TEAD2	0	0	0	0	1	0	0	0	0
TET1	0	0	0	0	1	0	0	0	0
THAP8	0	0	0	0	1	0	0	0	0
TSC22D1	0	0	0	0	1	0	0	0	0
TSHZ1	1	0	0	0	1	0	0	0	0
WIZ	0	0	0	0	1	0	0	0	0
ZBED5	0	0	0	0	1	0	0	0	0
ZBTB17	0	0	0	0	1	0	0	0	0
ZBTB48	1	0	0	0	1	0	0	0	0
ZFHX3	0	0	0	0	1	0	0	0	0
ZIK1	0	0	0	0	1	0	0	0	0
ZKSCAN2	1	0	0	0	1	0	0	0	0
ZKSCAN5	0	0	0	0	1	0	0	0	0
ZKSCAN8	0	0	0	0	1	0	0	0	0
ZNF112	0	0	0	0	1	0	0	0	0
ZNF134	0	0	0	0	1	0	0	0	0
ZNF136	0	0	0	0	1	0	0	0	0
ZNF142	0	0	0	0	1	0	0	0	0
ZNF146	0	0	0	0	1	0	0	0	0
ZNF174	0	0	0	0	1	0	0	0	0
ZNF181	0	0	0	0	1	0	0	0	0
ZNF189	0	0	0	0	1	0	0	0	0
ZNF19	0	0	0	0	1	0	0	0	0
ZNF200	0	0	0	0	1	0	0	0	0
ZNF207	1	0	0	0	1	0	0	0	0
ZNF213	0	0	0	0	1	0	0	0	0
ZNF215	0	0	0	0	1	0	0	0	0
ZNF22	0	0	0	0	1	0	0	0	0
ZNF222	0	0	0	0	1	0	0	0	0
ZNF223	0	0	0	0	1	0	0	0	0
ZNF224	0	0	0	0	1	0	0	0	0
ZNF229	0	0	0	0	1	0	0	0	0
ZNF24	0	0	0	0	1	0	0	0	0
ZNF248	0	0	0	0	1	0	0	0	0
ZNF260	0	0	0	0	1	0	0	0	0
ZNF263	0	0	0	0	1	0	0	0	0
ZNF266	0	0	0	0	1	0	0	0	0
ZNF274	0	0	0	0	1	0	0	0	0
ZNF302	0	0	0	0	1	0	0	0	0
ZNF304	0	0	0	0	1	0	0	0	0
ZNF329	0	0	0	0	1	0	0	0	0
ZNF345	0	0	0	0	1	0	0	0	0
ZNF346	0	0	0	0	1	0	0	0	0
ZNF35	0	0	0	0	1	0	0	0	0
ZNF397	0	0	0	0	1	0	0	0	0
ZNF410	0	0	0	0	1	0	0	0	0
ZNF414	0	0	0	0	1	0	0	0	0
ZNF417	0	0	0	0	1	0	0	0	0
ZNF438	0	0	0	0	1	0	0	0	0
ZNF48	0	0	0	0	1	0	0	0	0
ZNF485	1	0	0	0	1	0	0	0	0
ZNF500	0	0	0	0	1	0	0	0	0
ZNF507	0	0	0	0	1	0	0	0	0
ZNF512	0	1	0	0	1	1	0	0	0
ZNF513	0	0	0	0	1	0	0	0	0
ZNF521	0	0	0	0	1	0	0	0	0
ZNF532	0	0	0	0	1	1	0	0	0
ZNF544	0	0	0	0	1	0	0	0	0
ZNF546	0	0	0	0	1	0	0	0	0
ZNF550	0	0	0	0	1	0	0	0	0
ZNF551	0	0	0	0	1	0	0	0	0
ZNF566	0	0	0	0	1	0	0	0	0
ZNF573	0	0	0	0	1	0	0	0	0
ZNF576	0	0	0	0	1	0	0	0	0
ZNF577	0	0	0	0	1	0	0	0	0
ZNF597	0	0	0	0	1	0	0	0	0
ZNF615	0	0	0	0	1	0	0	0	0
ZNF629	1	0	0	0	1	0	0	0	0
ZNF668	0	0	0	1	1	0	0	0	0
ZNF688	1	0	0	0	1	0	0	0	0
ZNF691	0	0	0	0	1	0	0	0	0
ZNF701	0	0	0	0	1	0	0	0	0
ZNF747	0	0	0	0	1	0	1	0	0
ZNF76	0	0	0	0	1	0	0	0	0
ZNF765	0	0	0	0	1	0	0	0	0
ZNF773	0	0	0	0	1	0	0	0	0
ZNF776	0	0	0	0	1	0	0	0	0
ZNF780A	0	0	0	0	1	0	0	0	0
ZNF785	0	0	0	0	1	0	0	0	0
ZNF844	0	0	0	0	1	0	0	0	0
ZNF85	0	0	0	0	1	0	0	0	0
ZNF880	0	0	0	0	1	0	0	0	0
ZSCAN2	0	0	0	0	1	0	0	0	0
ZZZ3	1	0	0	0	1	0	0	0	0
TERF2	1	0	0	0	1	0	0	0	0
USF1	1	1	0	0	1	0	0	0	0
FOXO3	0	0	0	0	0	1	0	0	0
SOX10	1	1	0	0	0	0	0	0	0
CREB3L3	0	0	0	0	1	0	0	0	0
USF2	0	1	0	0	1	0	0	0	0
CREB5	0	0	0	0	1	0	0	0	0
CREB3L2	0	0	0	0	1	0	0	0	0
CREB3L4	0	0	0	0	1	0	0	0	0
CREB3L1	0	0	0	0	1	0	0	0	0
IRF7	0	1	0	0	0	0	0	0	0
MYCN	1	1	1	0	1	1	0	0	0
FOXM1	1	0	0	0	0	0	0	0	0
TCF7L1	1	0	0	0	1	0	0	0	0
FOXD3	1	0	0	0	0	0	0	0	0
REPIN1	1	0	0	0	0	0	0	0	0
SNAI1	1	0	0	0	0	1	0	0	0
KAT7	1	1	0	0	1	1	0	0	0
AEBP2	1	0	0	0	0	0	0	0	0
BCL6B	1	0	0	0	0	0	0	0	0
TCF7	1	0	0	0	0	0	0	0	0
MEF2C	1	0	0	0	0	0	0	0	0
STAT5B	1	0	0	0	0	0	0	0	0
GATAD2A	0	0	0	0	0	1	0	0	0
HMGN3	0	0	0	0	0	1	0	0	0
GATAD2B	0	0	0	0	0	1	0	0	0
FOXK1	0	0	1	0	1	1	0	0	0
CCDC17	0	1	1	1	0	0	1	1	1
PROX1	1	0	0	0	0	1	0	0	0
SP110	0	0	1	0	1	1	0	0	0
ZNF740	0	0	0	0	0	1	0	0	0
ZIC2	1	0	0	0	1	0	0	0	0
GTF2IRD2B	0	0	1	0	0	0	0	0	0
ZNF148	1	0	0	0	0	0	0	0	0
KDM2B	1	0	0	0	0	0	0	0	0
EN1	0	0	0	0	0	1	0	0	0
GRHL3	1	0	0	0	0	0	0	0	0
ARID5A	1	0	0	0	0	0	0	0	0
ARID3C	1	0	0	0	0	0	0	0	0
ARID3B	1	0	0	0	0	1	0	0	0
HOXB13	1	0	0	0	0	0	0	0	0
CLOCK	0	0	0	0	1	0	0	0	0
TSHZ3	1	0	0	0	0	0	0	0	0
SIX5	0	0	0	0	1	0	1	0	0
ZBTB33	0	0	0	0	1	0	0	0	0
TFDP3	0	0	0	0	1	0	1	0	0
ASH1L	1	0	0	0	0	1	0	0	0
TSHZ2	1	0	0	0	0	0	0	0	0
ZHX1	0	1	0	0	0	0	0	0	0
ZNF763	1	0	0	0	0	0	0	0	0
ZNF501	1	0	0	0	0	0	0	0	0
ZNF589	0	0	1	0	0	0	0	0	0
SATB2	0	0	1	0	0	0	0	0	0
ZNF232	0	0	0	0	0	0	1	0	0
ZBED1	0	0	0	0	0	0	1	0	0
TFAP2C	0	0	0	0	0	1	0	0	0
FLI1	1	0	0	0	0	0	0	0	0
DDIT3	1	0	0	0	0	0	0	0	0
ZBTB10	0	0	0	0	0	0	1	0	0
ATF1	0	0	1	0	0	1	0	0	0
SON	1	0	0	0	0	1	0	0	0
ZFX	0	0	0	0	0	1	0	0	0
TBR1	0	0	0	0	0	1	0	0	0
ZFP91	0	0	0	0	0	1	0	0	0
TCF20	0	0	0	0	0	1	0	0	0
HIC2	0	0	0	0	0	1	0	0	0
ZNF451	0	0	0	0	0	1	0	0	0
ZBTB21	0	0	0	0	0	1	0	0	0
RUNX3	0	0	0	0	0	1	0	0	0
FOSL1	0	0	0	0	0	1	0	0	0
CENPB	0	0	0	0	0	1	0	0	0
SCMH1	0	0	0	0	0	1	0	0	0
TRPS1	0	0	0	0	0	1	0	0	0
NFIB	0	0	0	0	0	1	0	0	0
ZNF711	0	0	0	0	0	1	0	0	0
ZBTB11	0	0	0	0	0	1	0	0	0
TFAP2A	0	0	0	0	0	1	0	0	0
ZHX3	0	0	0	0	0	1	0	0	0
NFIC	0	0	0	0	0	1	0	0	0
IRX2	0	0	0	0	0	1	0	0	0
MAFF	0	0	0	0	0	1	0	0	0
PCGF2	0	0	0	0	0	1	0	0	0
FOXC1	1	0	0	0	0	0	0	0	0
ZBTB7A	1	0	0	0	1	0	0	0	0
ZBTB2	1	0	0	0	0	0	0	0	0
IKZF3	1	0	0	0	0	0	0	0	0
LHX3	0	0	0	0	1	0	0	0	0
MYCL	1	0	0	0	1	0	0	0	0
ZNF335	0	1	0	0	0	0	0	0	0
SRY	0	0	0	0	1	0	0	0	0
MITF	1	0	0	0	0	0	0	0	0
ZFPM1	0	1	0	0	0	0	0	0	0
BHLHA15	1	0	0	0	0	0	0	0	0
PEG3	0	0	0	0	1	0	0	0	0
SOX8	1	1	0	0	0	0	0	0	0
THAP7	1	0	0	0	0	0	0	0	0
PHF19	0	0	0	1	0	0	0	0	0
FOXE3	1	0	0	0	0	0	0	0	0
ASCL1	0	0	0	0	0	1	0	0	0
EOMES	1	0	0	0	0	0	0	0	0
HIVEP3	0	1	0	0	0	0	0	0	0
SP7	1	0	0	0	0	0	0	0	0
ZNF695	1	0	0	0	0	0	0	0	0
ZNF384	0	1	0	0	0	0	0	0	0
HEY1	0	1	0	0	0	0	1	0	0
SLC2A4RG	0	1	0	0	0	0	0	0	0
RAG1	0	1	0	0	0	0	0	0	0
ZNF704	0	1	0	0	0	0	0	0	0
ZNF395	0	1	0	0	0	0	0	0	0
OTX2	1	0	0	1	0	0	0	0	0
MYBL2	0	1	0	0	0	0	0	0	0
MTERF3	0	1	0	0	0	0	0	0	0
MYBL1	0	1	0	0	0	0	0	0	0
MTERF2	0	1	0	0	0	0	0	0	0
NEUROG3	1	0	0	0	0	0	0	0	0
L3MBTL1	1	0	0	0	0	0	0	0	0
FOXJ1	0	0	0	0	1	0	0	0	0
SOX7	1	0	0	0	0	0	0	0	0
FEV	0	0	0	0	1	0	0	0	0
ZNF787	1	0	0	0	0	0	0	0	0
ZNF385C	1	0	0	0	0	0	0	0	0
E2F2	0	0	0	0	1	1	0	0	0
SOX3	1	0	0	0	0	0	0	0	0
ZNF396	1	0	0	0	0	0	0	0	0
VAX2	1	0	0	0	0	0	0	0	0
BATF3	1	0	0	0	0	0	0	0	0
KLF15	0	1	0	0	0	0	0	0	0
FEZF2	0	0	0	0	1	0	0	0	0
SP100	0	0	0	0	1	0	0	0	0
ZNF100	0	0	1	0	0	0	0	0	0
LBX1	1	0	0	0	0	0	0	0	0
ZNF362	0	0	0	0	1	0	0	0	0
ELK4	1	0	0	0	0	0	0	0	0
THAP4	1	0	0	0	0	0	0	0	0
STAT6	0	0	0	0	1	0	0	0	0
LCOR	1	0	0	0	0	0	0	0	0
